{
 "nbformat": 4,
 "nbformat_minor": 0,
 "metadata": {
  "colab": {
   "provenance": []
  },
  "kernelspec": {
   "name": "python3",
   "display_name": "Python 3"
  },
  "language_info": {
   "name": "python"
  }
 },
 "cells": [
  {
   "cell_type": "markdown",
   "source": [
    "\n",
    "# 6.390 Spring 2023 Homework 5\n",
    "\n",
    "**If you haven't already, please hit :**\n",
    "\n",
    "`File` -> `Save a Copy in Drive`\n",
    "\n",
    "**to copy this notebook to your Google drive, and work on a copy. If you don't do this, your changes won't be saved!**"
   ],
   "metadata": {
    "id": "USxWiWVJmnAk"
   }
  },
  {
   "cell_type": "code",
   "source": [
    "# Run this cell to download the test functions for HW 5\n",
    "!rm -f hw05_tests.zip\n",
    "!wget --quiet --no-check-certificate https://introml.mit.edu/_static/spring23/homework/hw05/hw05_tests.zip\n",
    "!unzip hw05_tests.zip\n",
    "!mv hw05_tests/* .\n",
    "!rmdir hw05_tests/\n",
    "from hw05_tests import *"
   ],
   "metadata": {
    "id": "8FTWOZAUGJCH"
   },
   "execution_count": null,
   "outputs": []
  },
  {
   "cell_type": "code",
   "source": [
    "import numpy as np"
   ],
   "metadata": {
    "id": "eLRqtB1TAsEw"
   },
   "execution_count": null,
   "outputs": []
  },
  {
   "cell_type": "markdown",
   "source": [
    "Remember: To look at the functions and test cases we've provided, after running the import cell above, click on the 📁 icon on the sidebar and double-click the `hw05_tests.py` file to open it in a new window."
   ],
   "metadata": {
    "id": "blAhPG-0ETBp"
   }
  },
  {
   "cell_type": "markdown",
   "source": [
    "# 6) Polynomial Features"
   ],
   "metadata": {
    "id": "33gUsCUaaRKU"
   }
  },
  {
   "cell_type": "code",
   "source": [
    "# Usage of the functions:\n",
    "# f = make_polynomial_feature_fun(order: int)\n",
    "# transformed_X = f(X: np.array)\n",
    "# e.g., suppose our dataset has one 3-dimenional data point (1,2,3) and\n",
    "# we'd like to make a 4th order feature for it, we could call:\n",
    "# f= make_polynomial_feature_fun(4)\n",
    "# transformed_X = f(np.array([[1],[2],[3]]))\n",
    "# print(transformed_X.shape)"
   ],
   "metadata": {
    "id": "QtdIExONZz1J"
   },
   "execution_count": null,
   "outputs": []
  },
  {
   "cell_type": "markdown",
   "source": [
    "# 7) Nearest Neighbor Implementation\n",
    "Implement the following distance functions below according to their specifications. They should compute the pairwise distance between a single sample of dimension (d,1)(d,1) and nn individual samples, each with dimension (d,1)(d,1), in an array of dimension (d,n)(d,n). This will make it easy to compute the distances between a single test sample and the entire training set in KNN. Numpy is preloaded for you, but you can't use np.linalg.norm.\n",
    "\n",
    "A) Implement the Euclidean distance below. Remember that the Euclidean distance between two dd-dimensional vectors is defined as :\n",
    "\n",
    "$$E(p,q) = \\sqrt{\\sum_{i=1}^{d}(p_i - q_i)^2}$$\n",
    "\n",
    "\n",
    "\n"
   ],
   "metadata": {
    "id": "j9dmRKM3I-Fr"
   }
  },
  {
   "cell_type": "code",
   "source": [
    "def euclidean(a, b):\n",
    "    \"\"\"\n",
    "    Parameters:\n",
    "        a is d by n array\n",
    "        b is d by 1 array\n",
    "    Returns :\n",
    "        (n,) (i.e. one-dimensional, n elements) array: the pairwise Euclidean distance of b with respect to individual samples in  a\n",
    "    \"\"\"\n",
    "    # YOUR CODE HERE\n",
    "    pass"
   ],
   "metadata": {
    "id": "NIHzHsgzJCMl"
   },
   "execution_count": null,
   "outputs": []
  },
  {
   "cell_type": "code",
   "source": [
    "def test_euclidean():\n",
    "    passed = 0\n",
    "    a = np.array([[10], [-4]])\n",
    "    b = np.array([[0], [1]])\n",
    "    c = np.array([11.180339887498949])\n",
    "    if np.isclose(euclidean(a, b), c):\n",
    "        passed += 1\n",
    "    else:\n",
    "        print(\"failed test case 1\")\n",
    "    a = np.array([[0, 1, 1, -4, -2], [0, 1, 2, 9, -2]])\n",
    "    b = np.array([[-2], [1]])\n",
    "    c = np.array([2.23606797749979, 3.0, 3.1622776601683795, 8.246211251235321, 3.0])\n",
    "    if np.isclose(euclidean(a, b), c).all():\n",
    "        passed += 1\n",
    "    else:\n",
    "        print(\"failed test case 2\")\n",
    "    print(f\"passed {passed}/2 test cases\")\n",
    "\n",
    "\n",
    "test_euclidean()"
   ],
   "metadata": {
    "id": "wusGhjObJFGs"
   },
   "execution_count": null,
   "outputs": []
  },
  {
   "cell_type": "markdown",
   "source": [
    "B)Implement the Manhattan distance below. Remember that the Manhattan distance between two d-dimensional vectors is defined as :\n",
    "\n",
    "$$M(p,q) = \\sum_{i=1}^{d}|p_i - q_i|$$\n"
   ],
   "metadata": {
    "id": "EYbTWYN_JMGC"
   }
  },
  {
   "cell_type": "code",
   "source": [
    "def manhattan(a, b):\n",
    "    \"\"\"\n",
    "    Parameters:\n",
    "        a is d by n array\n",
    "        b is d by 1 array\n",
    "    Returns :\n",
    "        (n,) (i.e. one-dimensional, n elements) array: the pairwise Manhattan distance of b with respect to individual samples in  a\n",
    "    \"\"\"\n",
    "    pass\n",
    "    # YOUR CODE HERE"
   ],
   "metadata": {
    "id": "jHfKgUNCJGGi"
   },
   "execution_count": null,
   "outputs": []
  },
  {
   "cell_type": "code",
   "source": [
    "def test_manhattan():\n",
    "    passed = 0\n",
    "    a = np.array([[10], [-4]])\n",
    "    b = np.array([[0], [1]])\n",
    "    c = np.array([15])\n",
    "    if np.isclose(manhattan(a, b), c):\n",
    "        passed += 1\n",
    "    else:\n",
    "        print(\"failed test case 1\")\n",
    "    a = np.array([[0, 1, 1, -4, -2], [0, 1, 2, 9, -2]])\n",
    "    b = np.array([[-2], [1]])\n",
    "    c = np.array([3, 3, 4, 10, 3])\n",
    "    if np.isclose(manhattan(a, b), c).all():\n",
    "        passed += 1\n",
    "    else:\n",
    "        print(\"failed test case 2\")\n",
    "    print(f\"passed {passed}/2 test cases\")\n",
    "\n",
    "\n",
    "test_manhattan()"
   ],
   "metadata": {
    "id": "W8y9LQsSJNjv"
   },
   "execution_count": null,
   "outputs": []
  },
  {
   "cell_type": "markdown",
   "source": [
    "C) Implement the KNN class for classification below according to its specifications. Some functions that may come in handy are `np.argsort` and `np.bincount`. If you need a refresher on how KNNs work for classification, take a look at the notes."
   ],
   "metadata": {
    "id": "USbWzPBPJTZj"
   }
  },
  {
   "cell_type": "code",
   "source": [
    "class KNN:\n",
    "    \"\"\"KNN for classification\"\"\"\n",
    "\n",
    "    def __init__(self, K, distance_metric, trainX, trainY):\n",
    "        \"\"\"\n",
    "        Parameters:\n",
    "            K is an int representing the number of closest neighbors to consider\n",
    "            distance_metric is one of euclidean or manhattan\n",
    "            trainX is d by n array\n",
    "            trainY is 1 by n array\n",
    "        \"\"\"\n",
    "        self.trainX = trainX\n",
    "        self.trainY = trainY\n",
    "        self.K = K\n",
    "        self.metric = distance_metric\n",
    "\n",
    "    def calc_distances(self, testX):\n",
    "        \"\"\"\n",
    "        Parameters:\n",
    "            testX is d by m array\n",
    "        Returns:\n",
    "            an m x n array D where D[i, j] is the distance between test sample i and train sample j\n",
    "        \"\"\"\n",
    "        # TODO:  your code here\n",
    "        pass\n",
    "\n",
    "    def find_top_neighbor_labels(self, dists):\n",
    "        \"\"\"\n",
    "        Parameters:\n",
    "            dists is  m x n array D where D[i, j] is the distance between test sample i and train sample j\n",
    "        Returns:\n",
    "            an m x K array L where L[i, j] is the label of the jth closest neighbor to test sample i\n",
    "            in case of ties, the neighbor which appears first in the training set is chosen\n",
    "        \"\"\"\n",
    "        # TODO:  your code here\n",
    "        pass\n",
    "\n",
    "    def predict(self, testX):\n",
    "        \"\"\"\n",
    "        Parameters:\n",
    "            testX is d by m array\n",
    "        Returns:\n",
    "            predicted is (m,) array P where P[i] is the predicted label for test sample i\n",
    "        \"\"\"\n",
    "        # TODO:  your code here\n",
    "        return predicted\n",
    "\n",
    "    def score(self, testX, testY):\n",
    "        \"\"\"\n",
    "        Parameters:\n",
    "            testX is d by m array of input data\n",
    "            testY is 1 by m array of labels for the input data\n",
    "        Returns:\n",
    "            a scalar: the accuracy of the KNN predictions across the test set\n",
    "        \"\"\"\n",
    "        # TODO:  your code here"
   ],
   "metadata": {
    "id": "jbcqaAa-JSe1"
   },
   "execution_count": null,
   "outputs": []
  },
  {
   "cell_type": "code",
   "source": [
    "import math\n",
    "\n",
    "trainx = np.array(\n",
    "    [\n",
    "        [2.0, 16.0, 4.0, 3.0, 3.0, 6.0, 4.0],\n",
    "        [15.0, 15.0, 13.0, 13.0, 13.0, 12.0, 15.0],\n",
    "        [15.0, 3.0, 8.0, 13.0, 16.0, 16.0, 16.0],\n",
    "    ]\n",
    ")\n",
    "trainy = np.array([[0, 1, 2, 2, 1, 0, 1]])\n",
    "testx = np.array(\n",
    "    [\n",
    "        [9.0, 15.0, 0.0, 14.0, 16.0],\n",
    "        [9.0, 16.0, 6.0, 13.0, 14.0],\n",
    "        [16.0, 15.0, 16.0, 16.0, 11.0],\n",
    "    ]\n",
    ")\n",
    "testy_1 = np.array([[0, 1, 2, 1, 0]])\n",
    "knn1 = KNN(1, euclidean, trainx, trainy)\n",
    "knn1_1 = KNN(1, euclidean, testx, testy_1)\n",
    "knn3 = KNN(3, euclidean, trainx, trainy)\n",
    "knn5 = KNN(5, euclidean, trainx, trainy)\n",
    "\n",
    "passed = 0\n",
    "print(\"testing knn.calc_distances\")\n",
    "knn1 = KNN(1, euclidean, trainx, trainy)\n",
    "dists = knn1.calc_distances(testx)\n",
    "expected = np.array(\n",
    "    [\n",
    "        [\n",
    "            9.273618495495704,\n",
    "            15.937377450509228,\n",
    "            10.246950765959598,\n",
    "            7.810249675906654,\n",
    "            7.211102550927978,\n",
    "            4.242640687119285,\n",
    "            7.810249675906654,\n",
    "        ],\n",
    "        [\n",
    "            13.038404810405298,\n",
    "            12.083045973594572,\n",
    "            13.379088160259652,\n",
    "            12.529964086141668,\n",
    "            12.409673645990857,\n",
    "            9.899494936611665,\n",
    "            11.090536506409418,\n",
    "        ],\n",
    "        [\n",
    "            9.273618495495704,\n",
    "            22.494443758403985,\n",
    "            11.357816691600547,\n",
    "            8.18535277187245,\n",
    "            7.615773105863909,\n",
    "            8.48528137423857,\n",
    "            9.848857801796104,\n",
    "        ],\n",
    "        [\n",
    "            12.206555615733702,\n",
    "            13.30413469565007,\n",
    "            12.806248474865697,\n",
    "            11.40175425099138,\n",
    "            11.0,\n",
    "            8.06225774829855,\n",
    "            10.198039027185569,\n",
    "        ],\n",
    "        [\n",
    "            14.594519519326424,\n",
    "            8.06225774829855,\n",
    "            12.409673645990857,\n",
    "            13.19090595827292,\n",
    "            13.96424004376894,\n",
    "            11.357816691600547,\n",
    "            13.038404810405298,\n",
    "        ],\n",
    "    ]\n",
    ")\n",
    "if np.isclose(dists, expected).all():\n",
    "    passed += 1\n",
    "else:\n",
    "    print(\"failed test 1\")\n",
    "expected = np.array(\n",
    "    [\n",
    "        [\n",
    "            9.273618495495704,\n",
    "            13.038404810405298,\n",
    "            9.273618495495704,\n",
    "            12.206555615733702,\n",
    "            14.594519519326424,\n",
    "        ],\n",
    "        [\n",
    "            15.937377450509228,\n",
    "            12.083045973594572,\n",
    "            22.494443758403985,\n",
    "            13.30413469565007,\n",
    "            8.06225774829855,\n",
    "        ],\n",
    "        [\n",
    "            10.246950765959598,\n",
    "            13.379088160259652,\n",
    "            11.357816691600547,\n",
    "            12.806248474865697,\n",
    "            12.409673645990857,\n",
    "        ],\n",
    "        [\n",
    "            7.810249675906654,\n",
    "            12.529964086141668,\n",
    "            8.18535277187245,\n",
    "            11.40175425099138,\n",
    "            13.19090595827292,\n",
    "        ],\n",
    "        [\n",
    "            7.211102550927978,\n",
    "            12.409673645990857,\n",
    "            7.615773105863909,\n",
    "            11.0,\n",
    "            13.96424004376894,\n",
    "        ],\n",
    "        [\n",
    "            4.242640687119285,\n",
    "            9.899494936611665,\n",
    "            8.48528137423857,\n",
    "            8.06225774829855,\n",
    "            11.357816691600547,\n",
    "        ],\n",
    "        [\n",
    "            7.810249675906654,\n",
    "            11.090536506409418,\n",
    "            9.848857801796104,\n",
    "            10.198039027185569,\n",
    "            13.038404810405298,\n",
    "        ],\n",
    "    ]\n",
    ")\n",
    "dists = knn1_1.calc_distances(trainx)\n",
    "if np.isclose(dists, expected).all():\n",
    "    passed += 1\n",
    "else:\n",
    "    print(\"failed test 2\")\n",
    "print(\"testing knn.find_top_neighbor_labels\")\n",
    "expected = np.array([[0], [0], [1], [0], [1]])\n",
    "dists = np.vstack(\n",
    "    [knn1.metric(knn1.trainX, testx[:, i : i + 1]) for i in range(testx.shape[1])]\n",
    ")\n",
    "actual = knn1.find_top_neighbor_labels(dists)\n",
    "if np.isclose(actual, expected).all():\n",
    "    passed += 1\n",
    "else:\n",
    "    print(\"failed test 3\")\n",
    "expected = np.array([[0], [0], [0], [0], [0], [0], [0]])\n",
    "dists = np.vstack(\n",
    "    [knn1_1.metric(knn1_1.trainX, trainx[:, i : i + 1]) for i in range(trainx.shape[1])]\n",
    ")\n",
    "actual = knn1_1.find_top_neighbor_labels(dists)\n",
    "if np.isclose(actual, expected).all():\n",
    "    passed += 1\n",
    "else:\n",
    "    print(\"failed test 4\")\n",
    "# test case 5\n",
    "expected = np.array([[0, 1, 2], [0, 1, 1], [1, 2, 0], [0, 1, 1], [1, 0, 2]])\n",
    "dists = np.vstack(\n",
    "    [knn3.metric(knn3.trainX, testx[:, i : i + 1]) for i in range(testx.shape[1])]\n",
    ")\n",
    "if np.isclose(knn3.find_top_neighbor_labels(dists), expected).all():\n",
    "    passed += 1\n",
    "else:\n",
    "    print(\"failed test 5\")\n",
    "# test case 6\n",
    "print(\"testing knn.predict\")\n",
    "expected = np.array([0, 0, 1, 0, 1])\n",
    "if np.isclose(knn1.predict(testx), expected).all():\n",
    "    passed += 1\n",
    "else:\n",
    "    print(\"failed test 6\")\n",
    "\n",
    "# test case 7\n",
    "expected = np.array([0, 1, 2, 1, 0])\n",
    "if np.isclose(knn1_1.predict(testx), expected).all():\n",
    "    passed += 1\n",
    "else:\n",
    "    print(\"failed test 7\")\n",
    "\n",
    "# test case 8\n",
    "expected = np.array([0, 1, 0, 1, 0])\n",
    "if np.isclose(knn3.predict(testx), expected).all():\n",
    "    passed += 1\n",
    "else:\n",
    "    print(\"failed test 8\")\n",
    "\n",
    "# test case 9\n",
    "expected = np.array([0, 1, 0, 0, 1])\n",
    "if np.isclose(knn5.predict(testx), expected).all():\n",
    "    passed += 1\n",
    "else:\n",
    "    print(\"failed test 9\")\n",
    "\n",
    "print(\"testing knn.score\")\n",
    "# test case 10\n",
    "expected = 0.8\n",
    "if math.isclose(knn3.score(testx, testy_1), expected):\n",
    "    passed += 1\n",
    "else:\n",
    "    print(\"failed test 10\")\n",
    "\n",
    "# test case 11\n",
    "expected = 0.4\n",
    "if math.isclose(knn5.score(testx, testy_1), expected):\n",
    "    passed += 1\n",
    "else:\n",
    "    print(\"failed test 11\")\n",
    "print(f\"passed {passed}/11 test cases\")"
   ],
   "metadata": {
    "id": "OBFIDUQ-JXnj"
   },
   "execution_count": null,
   "outputs": []
  }
 ]
}